line
0 40 0 160 40 0
line
160 40 0 160 140 0
line
160 140 0 0 140 0
line
0 140 0 0 40 0
line
0 40 10 160 40 10
line
160 40 10 160 140 10
line
160 140 10 0 140 10
line
0 140 10 0 40 10
line
0 40 0 0 40 10
line
160 40 0 160 40 10
line
160 140 0 160 140 10
line
0 140 0 0 140 10
line
70 10 0 90 10 0
line
70 40 0 90 40 0
line
70 10 0 70 40 0
line
90 10 0 90 40 0
line
70 10 10 90 10 10
line
70 40 10 90 40 10
line
70 10 10 70 40 10
line
90 10 10 90 40 10
line
70 10 0 70 10 10
line
90 10 0 90 10 10
line
50 0 0 110 0 0
line
50 10 0 110 10 0
line
50 0 0 50 10 0
line
110 0 0 110 10 0
line
50 0 20 110 0 20
line
50 10 20 110 10 20
line
50 0 20 50 10 20
line
110 0 20 110 10 20
line
50 0 0 50 0 20
line
110 0 0 110 0 20
line
50 10 0 50 10 20
line
110 10 0 110 10 20
ident
rotate
z 20
rotate
x 20
rotate
y 20
move
60 60 0
scale
2 2 2
apply
display
save
pic.ppm